[header]
width=128
height=32
tilewidth=16
tileheight=16

[tilesets]
tileset=sprites.png,16,16,0,0

[layer]
type=Tile Layer 1
data=
0,0,0,0,0,0,0,0,0,0,0,0,0,0,0,0,0,0,0,0,0,0,0,0,0,0,0,0,0,0,0,0,0,0,0,0,0,0,0,0,0,0,0,0,0,0,0,0,0,0,0,0,0,0,0,0,0,0,0,0,0,0,0,0,0,0,0,0,0,0,0,0,0,0,0,0,0,0,0,0,0,0,0,0,0,0,0,0,0,0,0,0,0,0,0,0,0,0,0,0,0,0,0,0,0,0,0,0,0,0,0,0,0,0,0,0,0,0,0,0,0,0,0,0,0,0,0,0,
0,0,0,0,0,0,0,0,0,0,0,0,0,0,0,0,0,0,0,0,0,0,0,0,0,0,0,0,0,0,0,0,0,0,0,0,0,0,0,0,0,0,0,0,0,0,0,0,0,0,0,0,0,0,0,0,0,0,0,0,0,0,0,0,0,0,0,0,0,0,0,0,0,0,0,0,0,0,0,0,0,0,0,0,0,0,0,0,0,0,0,0,0,0,0,0,0,0,0,0,0,0,0,0,0,0,0,0,0,0,0,0,0,0,0,0,0,0,0,0,0,0,0,0,0,0,880,881,
0,0,0,0,0,0,0,0,0,0,0,0,0,0,0,0,0,0,0,0,0,0,0,0,0,0,0,0,0,0,0,0,0,0,0,0,0,0,0,0,0,0,0,0,0,0,0,0,0,0,0,0,0,0,0,0,0,0,0,0,0,0,0,0,0,0,0,0,0,0,0,0,0,0,0,0,0,0,0,0,0,0,0,0,0,0,0,0,0,0,0,0,0,0,0,0,0,0,0,0,0,0,0,0,0,0,0,0,0,0,0,0,0,0,0,0,0,0,0,0,0,0,0,0,0,0,940,941,
0,0,0,0,0,0,0,0,0,0,0,0,0,0,0,0,0,0,0,0,0,0,0,0,0,0,0,0,0,0,0,0,0,0,0,0,0,0,0,0,0,0,0,0,0,0,0,0,0,0,0,0,0,0,0,0,0,0,0,0,0,0,0,0,0,0,0,0,0,0,0,0,0,0,0,0,0,0,0,0,0,0,0,0,0,0,0,0,0,0,0,0,0,0,0,0,0,0,0,0,0,0,0,0,0,0,0,0,0,0,0,0,0,0,0,0,0,0,0,0,0,0,0,0,0,0,940,941,
0,0,0,0,0,0,0,0,0,0,0,0,0,0,0,0,0,0,0,0,0,0,0,0,0,0,0,0,0,0,0,0,0,0,0,0,0,0,0,0,0,0,0,0,0,0,0,0,0,0,0,0,0,0,0,0,0,0,0,0,0,0,0,0,0,0,0,0,0,0,0,0,0,0,0,0,0,0,0,0,0,0,0,0,0,0,0,0,0,0,0,0,0,0,0,0,0,0,0,0,0,0,0,0,0,0,0,0,0,0,0,0,0,0,0,0,0,0,0,0,0,0,1059,1060,1061,1062,940,941,
0,0,0,0,0,0,0,0,0,0,0,0,0,0,0,0,0,0,0,0,0,0,0,0,0,0,0,0,0,0,0,0,0,0,0,0,0,0,0,0,0,0,0,0,0,0,0,0,0,0,0,0,0,0,0,0,0,0,0,0,0,0,0,0,0,0,0,0,0,0,0,0,0,0,0,0,0,0,0,0,0,0,0,0,0,0,0,0,0,0,0,0,0,0,0,0,0,0,0,0,0,0,0,0,0,0,0,0,0,0,0,0,0,0,0,0,0,0,0,0,0,1122,1123,1124,1125,1126,940,941,
0,0,0,0,0,0,0,0,0,0,0,0,0,0,0,0,0,0,0,0,0,0,0,0,0,0,0,0,0,0,0,0,0,0,0,0,0,0,0,0,0,0,0,0,0,0,0,0,0,0,0,0,0,0,0,0,0,0,0,0,0,0,0,0,0,0,0,0,0,0,0,0,0,0,0,0,0,0,0,0,0,0,0,0,0,0,0,0,0,0,0,0,0,0,0,0,0,0,0,0,0,0,0,0,0,0,0,0,0,0,0,0,0,0,0,0,0,0,0,0,0,1186,1187,1188,1189,1190,940,941,
0,0,0,0,0,0,0,0,0,0,0,0,0,0,0,0,0,0,0,0,0,0,0,0,0,0,0,0,0,0,0,0,0,0,0,0,0,0,0,0,0,0,0,0,0,0,0,0,0,0,0,0,0,0,0,0,0,0,0,0,0,0,0,0,0,0,0,0,0,0,0,0,0,0,0,0,0,0,0,0,0,0,0,0,0,0,0,0,0,0,0,0,0,0,0,0,0,0,0,0,0,0,0,0,0,0,0,0,0,0,0,0,0,0,0,0,0,0,0,0,0,1186,1187,1188,1189,1190,940,941,
881,882,0,0,0,0,0,0,0,0,0,0,0,0,0,0,0,0,0,0,0,0,0,0,0,0,0,0,0,0,0,0,0,0,0,0,0,0,0,0,0,0,0,0,0,0,0,0,0,0,0,0,0,0,0,0,0,0,0,0,0,0,0,0,0,0,0,0,0,0,0,0,0,0,0,0,0,0,0,0,0,0,0,0,0,0,0,0,0,0,0,0,0,0,0,0,0,0,0,0,0,0,0,0,0,0,0,0,0,0,0,0,0,0,0,0,0,0,0,0,0,1186,1187,1188,1189,1190,940,941,
941,942,0,0,0,0,0,0,0,0,0,0,0,0,0,0,0,0,0,0,0,0,0,0,0,0,0,0,0,0,0,0,0,0,0,0,0,0,0,0,0,0,0,0,0,0,0,0,0,0,0,0,0,0,0,0,0,0,0,0,0,0,0,0,0,0,0,0,0,0,0,0,0,0,0,0,0,0,0,0,0,0,0,0,0,0,0,0,0,0,0,0,0,0,0,0,0,0,0,0,0,0,0,0,0,0,0,0,0,0,0,0,0,0,0,0,0,0,0,0,0,1186,1187,1188,1189,1190,940,941,
941,942,0,0,0,0,0,0,0,0,0,0,0,0,0,0,0,0,0,0,0,0,0,0,0,0,0,0,0,0,0,0,0,0,0,0,0,0,0,0,0,0,0,0,0,0,0,0,0,0,0,0,0,0,0,0,0,0,0,0,0,0,0,0,0,0,0,0,0,0,0,0,0,0,0,0,0,0,0,0,0,0,0,0,0,0,0,0,0,0,0,0,0,0,0,0,0,0,0,0,0,0,0,0,0,0,0,0,0,0,0,0,0,0,0,0,0,0,0,0,0,1186,1187,1188,1189,1190,940,941,
941,942,0,0,0,0,0,0,0,0,0,0,0,0,0,0,0,0,0,0,0,0,0,0,0,0,0,0,0,0,0,0,0,0,0,0,0,0,0,0,0,0,0,0,0,816,817,817,817,817,818,0,0,0,0,0,0,0,0,0,0,0,0,0,0,0,0,0,0,0,0,0,0,0,0,0,0,0,0,0,0,0,0,0,0,0,0,0,0,0,0,0,0,0,0,0,0,0,0,0,0,0,0,0,0,0,0,0,0,0,0,0,0,0,0,0,0,876,877,877,877,877,877,877,877,877,941,941,
941,942,0,0,0,0,0,0,0,0,0,0,0,0,0,0,0,0,0,0,0,0,0,0,0,0,0,0,0,0,0,0,0,0,0,0,0,0,0,0,0,0,0,0,0,0,0,0,0,0,0,0,0,0,0,0,0,0,0,0,0,0,0,0,0,0,0,0,0,0,0,0,0,0,0,0,0,0,0,0,0,0,0,0,0,0,0,0,0,0,0,0,0,0,0,0,0,0,0,0,0,0,0,0,0,0,0,0,0,0,0,0,0,0,0,0,0,940,941,941,941,941,941,941,941,941,941,941,
941,942,0,0,0,0,0,0,0,0,0,0,0,0,0,0,0,0,0,0,0,0,0,0,0,0,0,0,0,0,0,0,0,0,0,0,0,0,0,0,0,0,0,0,0,0,0,0,0,0,0,0,0,0,0,0,0,0,0,0,0,0,0,0,0,0,0,0,0,0,0,0,0,0,0,0,0,0,0,0,0,0,0,0,0,0,0,0,0,0,0,0,0,0,0,0,0,0,0,0,0,0,0,0,0,0,0,0,0,0,0,0,0,0,0,0,0,940,941,941,941,941,941,941,941,941,941,941,
941,942,0,0,0,0,0,0,0,0,0,0,0,0,0,0,0,0,0,0,0,0,0,0,0,0,0,0,0,0,0,0,0,0,0,0,0,0,0,0,0,0,0,0,0,0,0,0,0,0,0,0,0,0,0,0,0,0,0,0,0,0,0,0,0,0,0,0,0,0,0,0,0,0,0,0,0,0,0,876,878,0,0,0,0,0,0,0,0,0,0,0,0,0,0,0,0,0,0,0,0,0,0,0,0,0,0,0,0,0,0,0,0,0,876,877,877,941,941,941,941,941,941,941,941,941,941,941,
941,942,0,0,0,0,0,0,0,0,0,0,0,0,0,0,0,0,0,0,0,0,0,0,0,0,0,0,0,0,0,0,0,0,0,0,0,816,817,817,817,817,818,0,0,0,0,0,0,0,0,0,876,877,877,877,877,877,877,877,877,877,877,878,0,0,0,0,0,0,0,0,0,0,0,0,0,0,0,940,942,0,0,0,0,0,0,0,0,0,0,0,0,0,0,0,0,0,0,0,0,0,0,0,0,0,0,0,0,0,0,0,0,0,940,941,941,941,941,941,941,941,941,941,941,941,941,941,
941,942,0,0,0,0,0,0,0,0,0,0,0,0,0,0,0,0,0,0,0,0,0,0,0,0,0,0,0,0,0,0,0,0,0,0,0,0,0,0,0,0,0,0,0,0,0,0,0,0,0,0,940,941,941,941,941,941,941,941,941,941,941,942,0,0,0,0,0,0,0,0,0,0,0,0,0,876,877,941,941,877,878,0,0,0,0,0,0,0,0,0,0,0,0,0,0,0,0,0,0,0,0,0,0,0,0,0,0,0,0,0,0,0,940,941,941,941,941,941,941,941,941,941,941,941,941,941,
941,942,0,0,0,0,0,0,0,0,0,0,0,0,0,0,0,0,0,0,0,0,0,0,0,0,0,0,0,0,0,0,0,0,0,0,0,0,0,0,0,0,0,0,0,0,0,0,0,0,0,0,940,941,941,941,941,941,941,941,941,941,941,942,0,0,0,0,0,0,0,0,0,0,0,0,0,940,941,941,941,941,942,0,0,0,0,0,0,0,0,0,0,0,0,0,0,0,0,0,0,0,0,0,0,0,0,0,0,0,0,876,877,877,941,941,941,941,941,941,941,941,941,941,941,941,941,941,
941,942,0,0,0,0,0,0,0,0,0,0,0,0,0,0,0,0,0,0,0,0,0,0,0,0,0,0,0,0,0,0,0,0,0,0,0,0,0,0,0,0,0,0,0,0,0,0,0,0,0,0,940,941,941,941,941,941,941,941,941,941,941,942,0,0,0,0,0,0,0,0,0,0,0,876,877,941,941,941,941,941,941,877,878,0,0,0,0,0,0,0,0,0,0,0,0,0,0,0,0,0,0,0,0,0,0,0,0,0,0,940,941,941,941,941,941,941,941,941,941,941,941,941,941,941,941,941,
941,941,877,877,877,877,877,877,877,877,877,877,877,877,877,877,877,877,878,0,0,0,0,0,0,0,876,877,877,877,877,877,877,877,877,878,0,0,0,0,0,0,0,0,0,0,0,0,0,0,0,0,940,941,941,941,941,941,941,941,941,941,941,942,0,0,0,0,0,0,0,0,0,0,0,940,941,941,941,941,941,941,941,941,942,0,0,0,0,0,0,0,0,0,0,0,0,0,0,0,0,0,0,0,0,0,0,0,0,0,0,940,941,941,941,941,941,941,941,941,941,941,941,941,941,941,941,941,
941,941,941,941,941,941,941,941,941,941,941,941,941,941,941,941,941,941,942,0,0,0,0,0,0,0,940,941,941,941,941,941,941,941,941,942,0,0,0,0,0,0,0,0,0,0,0,0,0,0,0,0,940,941,941,941,941,941,941,941,941,941,941,941,877,877,877,877,877,877,877,877,877,877,877,941,941,941,941,941,941,941,941,941,941,877,877,877,877,877,877,877,877,877,877,877,877,877,877,877,877,877,877,877,877,877,877,877,877,877,877,941,941,941,941,941,941,941,941,941,941,941,941,941,941,941,941,941,
941,941,941,941,941,941,941,941,941,941,941,941,941,941,941,941,941,941,942,0,0,0,0,0,0,0,940,941,941,941,941,941,941,941,941,942,0,0,0,0,0,0,0,0,0,0,0,0,0,0,0,0,940,941,941,941,941,941,941,941,941,941,941,941,941,941,941,941,941,941,941,941,941,941,941,941,941,941,941,941,941,941,941,941,941,941,941,941,941,941,941,941,941,941,941,941,941,941,941,941,941,941,941,941,941,941,941,941,941,941,941,941,941,941,941,941,941,941,941,941,941,941,941,941,941,941,941,941,
941,941,941,941,941,941,941,941,941,941,941,941,941,941,941,941,941,941,942,0,0,0,0,0,0,0,940,941,941,941,941,941,941,941,941,942,0,0,0,0,0,0,0,0,0,0,0,0,0,0,0,0,940,941,941,941,941,941,941,941,941,941,941,941,941,941,941,941,941,941,941,941,941,941,941,941,941,941,941,941,941,941,941,941,941,941,941,941,941,941,941,941,941,941,941,941,941,941,941,941,941,941,941,941,941,941,941,941,941,941,941,941,941,941,941,941,941,941,941,941,941,941,941,941,941,941,941,941,
941,941,941,941,941,941,941,941,941,941,941,941,941,941,941,941,941,941,942,0,0,0,0,0,0,0,940,941,941,941,941,941,941,941,941,942,0,0,0,0,0,0,0,0,0,0,0,0,0,0,0,0,940,941,941,941,941,941,941,941,941,941,941,941,941,941,941,941,941,941,941,941,941,941,941,941,941,941,941,941,941,941,941,941,941,941,941,941,941,941,941,941,941,941,941,941,941,941,941,941,941,941,941,941,941,941,941,941,941,941,941,941,941,941,941,941,941,941,941,941,941,941,941,941,941,941,941,941,
941,941,941,941,941,941,941,941,941,941,941,941,941,941,941,941,941,941,942,0,0,0,0,0,0,0,940,941,941,941,941,941,941,941,941,942,0,0,0,0,0,0,0,0,0,0,0,0,0,0,0,0,940,941,941,941,941,941,941,941,941,941,941,941,941,941,941,941,941,941,941,941,941,941,941,941,941,941,941,941,941,941,941,941,941,941,941,941,941,941,941,941,941,941,941,941,941,941,941,941,941,941,941,941,941,941,941,941,941,941,941,941,941,941,941,941,941,941,941,941,941,941,941,941,941,941,941,941,
941,941,941,941,941,941,941,941,941,941,941,941,941,941,941,941,941,941,942,0,0,0,0,0,0,0,940,941,941,941,941,941,941,941,941,942,0,0,0,0,0,0,0,0,0,0,0,0,0,0,0,0,940,941,941,941,941,941,941,941,941,941,941,941,941,941,941,941,941,941,941,941,941,941,941,941,941,941,941,941,941,941,941,941,941,941,941,941,941,941,941,941,941,941,941,941,941,941,941,941,941,941,941,941,941,941,941,941,941,941,941,941,941,941,941,941,941,941,941,941,941,941,941,941,941,941,941,941,
941,941,941,941,941,941,941,941,941,941,941,941,941,941,941,941,941,941,942,0,0,0,0,0,0,0,940,941,941,941,941,941,941,941,941,942,0,0,0,0,0,0,0,0,0,0,0,0,0,0,0,0,940,941,941,941,941,941,941,941,941,941,941,941,941,941,941,941,941,941,941,941,941,941,941,941,941,941,941,941,941,941,941,941,941,941,941,941,941,941,941,941,941,941,941,941,941,941,941,941,941,941,941,941,941,941,941,941,941,941,941,941,941,941,941,941,941,941,941,941,941,941,941,941,941,941,941,941,
941,941,941,941,941,941,941,941,941,941,941,941,941,941,941,941,941,941,942,0,0,0,0,0,0,0,940,941,941,941,941,941,941,941,941,942,0,0,0,0,0,0,0,0,0,0,0,0,0,0,0,0,940,941,941,941,941,941,941,941,941,941,941,941,941,941,941,941,941,941,941,941,941,941,941,941,941,941,941,941,941,941,941,941,941,941,941,941,941,941,941,941,941,941,941,941,941,941,941,941,941,941,941,941,941,941,941,941,941,941,941,941,941,941,941,941,941,941,941,941,941,941,941,941,941,941,941,941,
941,941,941,941,941,941,941,941,941,941,941,941,941,941,941,941,941,941,942,0,0,0,0,0,0,0,940,941,941,941,941,941,941,941,941,942,0,0,0,0,0,0,0,0,0,0,0,0,0,0,0,0,940,941,941,941,941,941,941,941,941,941,941,941,941,941,941,941,941,941,941,941,941,941,941,941,941,941,941,941,941,941,941,941,941,941,941,941,941,941,941,941,941,941,941,941,941,941,941,941,941,941,941,941,941,941,941,941,941,941,941,941,941,941,941,941,941,941,941,941,941,941,941,941,941,941,941,941,
0,0,0,0,0,0,0,0,0,0,0,0,0,0,0,0,0,0,0,0,0,0,0,0,0,0,0,0,0,0,0,0,0,0,0,0,0,0,0,0,0,0,0,0,0,0,0,0,0,0,0,0,0,0,0,0,0,0,0,0,0,0,0,0,0,0,0,0,0,0,0,0,0,0,0,0,0,0,0,0,0,0,0,0,0,0,0,0,0,0,0,0,0,0,0,0,0,0,0,0,0,0,0,0,0,0,0,0,0,0,0,0,0,0,0,0,0,0,0,0,0,0,0,0,0,0,0,0,
0,0,0,0,0,0,0,0,0,0,0,0,0,0,0,0,0,0,0,0,0,0,0,0,0,0,0,0,0,0,0,0,0,0,0,0,0,0,0,0,0,0,0,0,0,0,0,0,0,0,0,0,0,0,0,0,0,0,0,0,0,0,0,0,0,0,0,0,0,0,0,0,0,0,0,0,0,0,0,0,0,0,0,0,0,0,0,0,0,0,0,0,0,0,0,0,0,0,0,0,0,0,0,0,0,0,0,0,0,0,0,0,0,0,0,0,0,0,0,0,0,0,0,0,0,0,0,0,
0,0,0,0,0,0,0,0,0,0,0,0,0,0,0,0,0,0,0,0,0,0,0,0,0,0,0,0,0,0,0,0,0,0,0,0,0,0,0,0,0,0,0,0,0,0,0,0,0,0,0,0,0,0,0,0,0,0,0,0,0,0,0,0,0,0,0,0,0,0,0,0,0,0,0,0,0,0,0,0,0,0,0,0,0,0,0,0,0,0,0,0,0,0,0,0,0,0,0,0,0,0,0,0,0,0,0,0,0,0,0,0,0,0,0,0,0,0,0,0,0,0,0,0,0,0,0,0

[Object Layer 1]
# star1
type=star
location=112,225,0,0

[Object Layer 1]
# star2
type=star
location=464,235,0,0

[Object Layer 1]
# star3
type=star
location=768,108,0,0

[Object Layer 1]
# star4
type=star
location=1105,252,0,0

[Object Layer 1]
# star5
type=star
location=1289,156,0,0

[Object Layer 1]
# star6
type=star
location=1472,252,0,0

[Object Layer 1]
# star7
type=star
location=1648,252,0,0

[Object Layer 1]
# player
type=player
location=64,302,0,0

